$ANSIBLE_VAULT;1.1;AES256
36313863303430623839613237373032646432396161346661323436366336383261326465663335
3966386364383563666161366131353461616161393838650a316637306539313061356462356638
39363330316532646539663365303136623930393237396661666332343966633737373262373835
6161363731663265300a306363313632333238613066343437636164306233653032303966643732
35303764343266313633396132643466666165383764393965396538623762333362343830343839
65623233326434353264643233343734366332383261333634633264383561356333306432643938
36633430343661396664643233633735363861306462386338613733316433316334663036653532
63636638656565353666663235383262376638386332643932353030333265353830623036613036
33613366383031343061303638323966333261343032343339383830643435336333396537366233
66373065343030396337376663633032366131613764613534316265323934656235323765626164
34356566633763326338313964613631333639343136666563643437353439636661346638383664
34393533666235383866616631303839653035363336336136663934313936613866303434303538
62666231666365373433353931643031306261313838376162376532353335613438343362333339
63383465383666663265313962386234626133343939633230326566636663616663656439356137
35363464346365333165346365613063303965643931376264643336623833316563356662663866
34393639663464346132323130343834623832336536373163356462653737636234393338383130
32306564613862323031633361363433306366333839353065626165616332343031386635363530
63313334363231343030323037303236653739646363383932303135613061383364626438653531
31353663363566656530333733373165636431396163323663383439643761343662376634373331
39376566353532393533666562323530633363386463356232663630666165313437333734323738
36333062663566306434313136366537383531633566383335643966633730363137333430653963
30336234313066303065313934393234373639346134626238393832316630386236376239306465
38363063313232643436326337363334653565626161313937633835326333393263653162393339
34343664616461366235353131383463666666376462616663636162303561343962633465633961
31663937336136386635323433313362636364333038343666613566376431303836383936343433
65376432353733386439623762336263623039323662363361336634393336356339646136316665
34323565613136656235353432353434333437633439643861643562313235373161343235666230
64663665663232363336663964356438633833376561353364306666383361353231386434366634
64633365333836333131623530333830353961646532666436363935383834363336383738643538
62653532373739346233376130376135323031313732343838623130383961643835343562323065
39333937333463616364353238363363633730633235613138666334313666323062633338336636
32333465663263353236366535343864633137366634383237323738393933393463383361306634
33626337373561653237373838633163613733356632656563613034393835313666353431623463
64323637313030303936393764383066613737333930316138633863343336323032326366633533
35303037373535396532326432303337343863383963646635343535353530363433363565333431
62636566616232376536613065326132626431623237376261323135356632373766306365393337
35613538643664303164666538633538363762316432633531663838616135353030303964643030
33626465363335306532393230376263663461636634393732643436336237633766396637373666
65323263643036363631623931383234343137353166343836303164343333386665313930613836
34663337323966326261636639323965623363393839663866326538333062373433666666356665
34363238626632363634343732363438376131353139623961633366666365653163623630633430
32636332663738326335356636653439333430306634363365386261303333366365393833373030
65616262646565323836353832323438313162393734356362656463383765623237373761323062
36633832386666636137313061353135353030353631653039306539313033343234343735613361
31633434626334623763383139373634613134306463626563643164633633623331353263626635
39366337373837383564353230643533363062343538613434383435626631373531616636396137
34343335336632396662313133343430303838303534633333643331386334643635663439623431
34653531303531613761343134376432643230373931316335393564613839636431346437633733
38656237343565363736313234616332653661626361643964323531633936353936336231343561
64363939376139346465353031633064393438396535656237656666396430383034343932383834
38366333373566653933356430303638323734313431346364346264663039303634373131396636
62356338343161646130646561326331333963656539386631616638353931366532376562373965
64396336386538303834306538653338313830333830313837666231343838343434623431643939
66303363303235326439346233373162346132363838363162376335356337386339356139376532
34306338626337376331326233363533323537313364376361353166623931623531366461366662
30626164383635323265383237623334353261323162333461653336323261633665626439303435
65333634303865613335653331613139313430643435633365333265306435306234306539373336
62333732336666653362303636643466383361383462383239646637303239373336376535393030
61643537326337666335373165303435393934373332376566633434306534366238656263666433
65383164333230303336643434386435653965336134623066663665666236323436343832616164
30633336303864633865623164306366373135626561313866373033323763626665616339383365
31313031333136306530316139316165613132323635303736356631346235393161323563366633
36393732646431393134643066666538646430383063643431316462356630646334313863346536
37636139343638306664663862306133666366633666373665616536383033633537656364356237
63633261336632613439393639373537353166373631366430366462313765386137363937346535
39353964666133636566616662373538366330373830663066313664313939313334666465393562
34303333393664376234663731663566653931383162636166313630633561333135653737303066
66633562366335363139393136666435356537373532303333363439626333383335313763633831
39353736613038313034383264376562666666633761366539626236356266396439386237633939
31663564666237306431393935636634643930313334663330346635346135386263383761646335
31366531303536666663666137323637616337393761643330633639653765386563656236626662
30346430323630376436393531643036316163303062616331653337353539343431356235383762
31343763646561613337623863633366386632623230363833356538306435306630656564626263
64633237663838613432323466393531363262386137633961333664656330333161306535643239
35386631653863663164616261386461306131356234663230343138616461393465333863323333
36653864326135623138393935333232353839313035333830656463356631343731336163656561
31623364383462333961396635666563643331333836656531353362373438306464363866363861
61616633306133353833326662393437346530656534356264393639656439343231353962643237
66643063396366613632343061643934666438336535646566336431366466353138346635306564
32356465353833616262343031346664316663376534373564386134623439343963343236376162
32373362633261616166636438393966646665303430663961313066623935633436623862366231
64336536653164393166353739396661323333383062636530633265333036643132356539653165
33376333336364353063396437366366353434633232626433303331653038363065633539336533
39626530366663343338356338353630393864663166613463306532323134663135613866373331
36346535356338303632313430616465663763366435383639343065653662643936303832376336
39613864353435623436323532646636373633656666336332323932633136393932666332643461
33356139373866356363353330623730393564656335633036366562353431383665373933653735
34663764353832666537666439343235356464396331646230366266616263646264303062306132
38666630386531343633346266333137376230623864313030656635656665306335613633666563
39666437303430613532343235363032366537393161326564383362383866376464323264663066
34383865613462396466333638383733633639653964646635376433376430306431383437643561
37633764623837646237393935616234326561386335353835306538666237333036373938623666
65386233323662303837343463373833653064616531643961626138313433616365643631646433
30366332386564336430666534376238356436333834393166623963656362646365653230626430
38623039366233626266323062616564383338663633316631666137646265376162666261313636
32643736333831613233303436356538656161333765616466383533643364326334316337613765
36636537613863363939353364636266323366336436336633303037396638303236326662336562
63653839366366333565313663653436393064383130336633616439653563363130623863366236
34656235336461623964303538303333353561373461656135353563656135333736653662313930
33383030366430333162363733386634656363373738396462636531663634336337396566303439
39383334346234316634323830323032383161363939643531386238633337333961326233313331
32373162323334356434373933616434653837653639373030343731313838633738316363363432
37643661306235663634373131646661363661343736373265356432633737346263323739343964
30373466303461326432646339646135663065613937653566303635326533613463396264613438
36326166633031326338663435653038626435636132643536323566626565383232306164353862
33356462373633623233306361666164313663623733343064316562363933366333636638323936
64353335333662373230336262313336623537616235326139316133346435613436316438373330
33343965623837623038336164643262633731653431323061633830623438656636666364613138
36626362393432353935333264333831316663616135383236303763393634383764623963326539
37376338623662376139303761353736333262666132626366613034306164376664326233333735
33303631313563333966303638643135666130366335636437313364643038393431663939646234
38623538393535633063326565393130353935333534663635653862643035363434666634383136
62623066396330393436316638613863643239613561393363393237393863313030613733626431
32393735396361643364666361313339353134333038346337383732653861306536613037393738
63613230613761323236643530633261313637666262386662376130656365306462623537373832
62346136643434616637623130313931356231363165633634363236386365316239666531306239
31346138626138333038323033366234666537373962366536633966303837663938643632663261
32643261303266663765396466313131666636303566343764333363383335393233613131363564
36616638393439323563393937623763373032386139313864383538663065353665373964393864
32393431373665396130346232366433626661393963363431663764623262373063393936386639
38616432306338363537383065356361313966353439353466363337663236303666383037386464
33613532633539366465303064303936343263393166666562353762366362343763353364383630
32356532376233653436613836663363663538623839623939633737373836656435323536326439
66373137393666363632613462626366383661326432656634303561666435643766306534646561
30366533306235376461303661353765316335313037363864316362653839323266363531313030
36373563363435613466386134666537616530666236303161323233646533316232323834363438
63313766633365323863343961376465613665336136373562643936353938333433306134656464
66383230653135616534326435313465623465643831343632633738383939613731613664333038
64616665656431656239313530356364313536323730613564333334373965393065376132623431
64636436393130656264386637376539653766636239626536373938373231323838343165666434
34653665393866326266346431623564623361326231666435393964616332623237613166303435
34623237633432383135363239326562656131613131313439393236363461306332626539323933
61626337316564643462363338623334636232653436616264633132333066393537643562663939
61333839393331306261366632363032663937323964353433386436356331383137393832333631
33353563643064346361313731333436373938313635363165393066373461666137613035376533
35633464313131343037643634396134343266376634373866306634656466373934653534303233
62613430646439363933323066356133653031393065333739646663623932336138356330363436
30393061376431393837333933653032336231396563366437333031316633613762366561666366
39366238346261373963623264346564616535373336613365323136333864646535666637623532
38313332663136613466376136393030336133363762626563386138326662373037613834386431
30643062303833396432383234396561643665333565656261663337383665336437643835306638
61326630353461643564376638316233613962653865336539396161636162386538383930373961
39376564656635633564633866396230393338393236653530353064306533363832383831373666
35306332313333343234376336663636313462623932396234356366363838643662323539353733
62353431633164383933393463633966393038393061663864353164343463666463376363623532
33313466616262373836336363623030393166636233313266313830393031636230303035656139
62313433653634313262373733333466393361623636643961303833306230646165323438346139
34343431306265363164323737336665376237353037663138616533376338333265643238353434
63633139393032373961653330613139613436343032643566643665316662386465333034643965
35393963353464346632333234393034633337393737343966623864363462663962336639336536
36383439346232613962393261356230613937343563666332626563363930313036666131613661
65363964326363626463663436623864363866633061653238393431626133633363313238623765
36303331373465353463663630643137626633316333646335376261396132333264613262303336
64376431616464636537386435303133316337313637346533313639303137636662613066656665
33636236323830323865626265366162633961653838386166643763646331343234366234323133
65396539653834306234626265333939343430376437653364303065313866653662356562636162
63353764646464346633316463666531653863396231366638656461663336346161626461323763
36386638393066386566356462323663326539363466663837356631326239373362646465373839
63613265306639383934626661626365303235306132313561643538373161343864326638303831
33303936366432616435626134376633356338353566363433363963613331373161373432663939
31636131643935653532326366383635313065306333663032636436623834663763353433663933
65313066613131343739313461383930363832363164343538356564313134646133303937353632
31356563336666646531386636643862356333363131323838333839653663376137376162643537
32343665623031376266643666636530653334346131363633303334343330393830343432373436
33653562373432633235616564343430356230333938376438356461633139663066643131633361
63616630333163393730306430613734656532656230393235623833386332633937653537313131
31666465373830383236356535613239393433626564363837643931646335353434646233343930
38376334396363343365656637353064633534303533363561666164653166623333323437656563
39646366393234616565373865376234626538326565303366343237636335623561343637393762
35373065643436396437356633656265316434646661373234336163303337373236323765336165
63343865633466373237663164363362333965613665383765373236396163333432663466383833
66366132336664656261336637393263373735383034633037393532396235396565373331363838
64363938373132343064643235346236616565303933363331643535353063616661
